13	1	1.000000000000000e+00
43	1	1.000000000000000e+00
466	1	1.000000000000000e+00
77	2	1.000000000000000e+00
99	2	1.000000000000000e+00
126	2	1.000000000000000e+00
339	2	1.000000000000000e+00
447	2	1.000000000000000e+00
44	4	1.000000000000000e+00
277	4	1.000000000000000e+00
373	4	1.000000000000000e+00
388	4	1.000000000000000e+00
394	4	1.000000000000000e+00
475	4	1.000000000000000e+00
23	5	1.000000000000000e+00
192	5	1.000000000000000e+00
209	5	1.000000000000000e+00
305	5	1.000000000000000e+00
333	5	1.000000000000000e+00
383	5	1.000000000000000e+00
12	6	1.000000000000000e+00
22	6	1.000000000000000e+00
123	6	1.000000000000000e+00
265	6	1.000000000000000e+00
305	7	1.000000000000000e+00
363	7	1.000000000000000e+00
373	7	1.000000000000000e+00
212	8	1.000000000000000e+00
344	9	1.000000000000000e+00
367	9	1.000000000000000e+00
440	9	1.000000000000000e+00
494	9	1.000000000000000e+00
133	10	1.000000000000000e+00
191	10	1.000000000000000e+00
298	10	1.000000000000000e+00
300	10	1.000000000000000e+00
364	10	1.000000000000000e+00
380	10	1.000000000000000e+00
6	12	1.000000000000000e+00
42	12	1.000000000000000e+00
85	12	1.000000000000000e+00
148	12	1.000000000000000e+00
258	12	1.000000000000000e+00
305	12	1.000000000000000e+00
360	12	1.000000000000000e+00
374	12	1.000000000000000e+00
1	13	1.000000000000000e+00
205	13	1.000000000000000e+00
401	13	1.000000000000000e+00
88	14	1.000000000000000e+00
217	14	1.000000000000000e+00
412	14	1.000000000000000e+00
485	14	1.000000000000000e+00
159	15	1.000000000000000e+00
224	16	1.000000000000000e+00
477	16	1.000000000000000e+00
80	17	1.000000000000000e+00
155	17	1.000000000000000e+00
190	17	1.000000000000000e+00
122	18	1.000000000000000e+00
428	18	1.000000000000000e+00
445	18	1.000000000000000e+00
446	18	1.000000000000000e+00
341	19	1.000000000000000e+00
411	19	1.000000000000000e+00
453	19	1.000000000000000e+00
76	20	1.000000000000000e+00
241	20	1.000000000000000e+00
264	20	1.000000000000000e+00
338	20	1.000000000000000e+00
344	20	1.000000000000000e+00
138	21	1.000000000000000e+00
168	21	1.000000000000000e+00
207	21	1.000000000000000e+00
406	21	1.000000000000000e+00
6	22	1.000000000000000e+00
287	22	1.000000000000000e+00
421	22	1.000000000000000e+00
493	22	1.000000000000000e+00
5	23	1.000000000000000e+00
95	23	1.000000000000000e+00
243	23	1.000000000000000e+00
403	23	1.000000000000000e+00
111	24	1.000000000000000e+00
154	24	1.000000000000000e+00
164	24	1.000000000000000e+00
373	24	1.000000000000000e+00
69	25	1.000000000000000e+00
420	25	1.000000000000000e+00
80	26	1.000000000000000e+00
101	26	1.000000000000000e+00
173	26	1.000000000000000e+00
229	26	1.000000000000000e+00
448	26	1.000000000000000e+00
53	27	1.000000000000000e+00
64	27	1.000000000000000e+00
105	27	1.000000000000000e+00
201	27	1.000000000000000e+00
123	28	1.000000000000000e+00
213	28	1.000000000000000e+00
346	28	1.000000000000000e+00
494	28	1.000000000000000e+00
100	29	1.000000000000000e+00
155	29	1.000000000000000e+00
204	29	1.000000000000000e+00
298	29	1.000000000000000e+00
308	29	1.000000000000000e+00
375	29	1.000000000000000e+00
376	29	1.000000000000000e+00
150	30	1.000000000000000e+00
190	30	1.000000000000000e+00
93	31	1.000000000000000e+00
143	31	1.000000000000000e+00
76	32	1.000000000000000e+00
493	32	1.000000000000000e+00
164	33	1.000000000000000e+00
379	33	1.000000000000000e+00
483	33	1.000000000000000e+00
277	34	1.000000000000000e+00
294	34	1.000000000000000e+00
408	34	1.000000000000000e+00
431	34	1.000000000000000e+00
115	35	1.000000000000000e+00
188	35	1.000000000000000e+00
284	35	1.000000000000000e+00
383	35	1.000000000000000e+00
307	37	1.000000000000000e+00
399	37	1.000000000000000e+00
400	37	1.000000000000000e+00
132	38	1.000000000000000e+00
236	39	1.000000000000000e+00
299	39	1.000000000000000e+00
318	40	1.000000000000000e+00
354	40	1.000000000000000e+00
58	41	1.000000000000000e+00
287	41	1.000000000000000e+00
12	42	1.000000000000000e+00
145	42	1.000000000000000e+00
357	42	1.000000000000000e+00
1	43	1.000000000000000e+00
230	43	1.000000000000000e+00
307	43	1.000000000000000e+00
459	43	1.000000000000000e+00
4	44	1.000000000000000e+00
47	44	1.000000000000000e+00
446	44	1.000000000000000e+00
493	44	1.000000000000000e+00
115	45	1.000000000000000e+00
130	45	1.000000000000000e+00
278	45	1.000000000000000e+00
51	46	1.000000000000000e+00
101	46	1.000000000000000e+00
179	46	1.000000000000000e+00
345	46	1.000000000000000e+00
441	46	1.000000000000000e+00
44	47	1.000000000000000e+00
346	47	1.000000000000000e+00
441	47	1.000000000000000e+00
141	48	1.000000000000000e+00
393	48	1.000000000000000e+00
399	48	1.000000000000000e+00
106	49	1.000000000000000e+00
375	49	1.000000000000000e+00
99	50	1.000000000000000e+00
216	50	1.000000000000000e+00
450	50	1.000000000000000e+00
46	51	1.000000000000000e+00
60	51	1.000000000000000e+00
129	51	1.000000000000000e+00
319	51	1.000000000000000e+00
349	51	1.000000000000000e+00
378	51	1.000000000000000e+00
171	52	1.000000000000000e+00
294	52	1.000000000000000e+00
330	52	1.000000000000000e+00
428	52	1.000000000000000e+00
452	52	1.000000000000000e+00
485	52	1.000000000000000e+00
27	53	1.000000000000000e+00
265	54	1.000000000000000e+00
378	54	1.000000000000000e+00
336	55	1.000000000000000e+00
58	56	1.000000000000000e+00
101	56	1.000000000000000e+00
154	56	1.000000000000000e+00
267	56	1.000000000000000e+00
441	56	1.000000000000000e+00
499	56	1.000000000000000e+00
66	57	1.000000000000000e+00
198	57	1.000000000000000e+00
243	57	1.000000000000000e+00
298	57	1.000000000000000e+00
41	58	1.000000000000000e+00
56	58	1.000000000000000e+00
243	58	1.000000000000000e+00
73	59	1.000000000000000e+00
370	59	1.000000000000000e+00
391	59	1.000000000000000e+00
51	60	1.000000000000000e+00
101	60	1.000000000000000e+00
149	60	1.000000000000000e+00
255	60	1.000000000000000e+00
65	61	1.000000000000000e+00
87	61	1.000000000000000e+00
391	61	1.000000000000000e+00
426	61	1.000000000000000e+00
139	62	1.000000000000000e+00
427	62	1.000000000000000e+00
124	63	1.000000000000000e+00
437	63	1.000000000000000e+00
27	64	1.000000000000000e+00
89	64	1.000000000000000e+00
246	64	1.000000000000000e+00
251	64	1.000000000000000e+00
61	65	1.000000000000000e+00
67	65	1.000000000000000e+00
237	65	1.000000000000000e+00
257	65	1.000000000000000e+00
306	65	1.000000000000000e+00
415	65	1.000000000000000e+00
57	66	1.000000000000000e+00
233	66	1.000000000000000e+00
65	67	1.000000000000000e+00
83	67	1.000000000000000e+00
231	67	1.000000000000000e+00
176	68	1.000000000000000e+00
185	68	1.000000000000000e+00
206	68	1.000000000000000e+00
218	68	1.000000000000000e+00
399	68	1.000000000000000e+00
25	69	1.000000000000000e+00
336	69	1.000000000000000e+00
447	69	1.000000000000000e+00
475	69	1.000000000000000e+00
479	69	1.000000000000000e+00
158	70	1.000000000000000e+00
370	70	1.000000000000000e+00
380	70	1.000000000000000e+00
79	72	1.000000000000000e+00
59	73	1.000000000000000e+00
88	73	1.000000000000000e+00
164	73	1.000000000000000e+00
332	73	1.000000000000000e+00
349	73	1.000000000000000e+00
495	73	1.000000000000000e+00
80	74	1.000000000000000e+00
232	74	1.000000000000000e+00
169	75	1.000000000000000e+00
405	75	1.000000000000000e+00
20	76	1.000000000000000e+00
32	76	1.000000000000000e+00
294	76	1.000000000000000e+00
426	76	1.000000000000000e+00
2	77	1.000000000000000e+00
102	77	1.000000000000000e+00
256	77	1.000000000000000e+00
393	77	1.000000000000000e+00
411	77	1.000000000000000e+00
192	78	1.000000000000000e+00
273	78	1.000000000000000e+00
304	78	1.000000000000000e+00
464	78	1.000000000000000e+00
72	79	1.000000000000000e+00
84	79	1.000000000000000e+00
433	79	1.000000000000000e+00
17	80	1.000000000000000e+00
26	80	1.000000000000000e+00
74	80	1.000000000000000e+00
168	80	1.000000000000000e+00
312	81	1.000000000000000e+00
254	82	1.000000000000000e+00
402	82	1.000000000000000e+00
423	82	1.000000000000000e+00
426	82	1.000000000000000e+00
448	82	1.000000000000000e+00
67	83	1.000000000000000e+00
258	83	1.000000000000000e+00
356	83	1.000000000000000e+00
411	83	1.000000000000000e+00
469	83	1.000000000000000e+00
79	84	1.000000000000000e+00
196	84	1.000000000000000e+00
12	85	1.000000000000000e+00
166	85	1.000000000000000e+00
266	85	1.000000000000000e+00
466	85	1.000000000000000e+00
483	85	1.000000000000000e+00
93	86	1.000000000000000e+00
110	86	1.000000000000000e+00
226	86	1.000000000000000e+00
61	87	1.000000000000000e+00
297	87	1.000000000000000e+00
335	87	1.000000000000000e+00
14	88	1.000000000000000e+00
73	88	1.000000000000000e+00
175	88	1.000000000000000e+00
406	88	1.000000000000000e+00
64	89	1.000000000000000e+00
232	89	1.000000000000000e+00
409	90	1.000000000000000e+00
329	91	1.000000000000000e+00
398	91	1.000000000000000e+00
134	92	1.000000000000000e+00
31	93	1.000000000000000e+00
86	93	1.000000000000000e+00
262	93	1.000000000000000e+00
131	94	1.000000000000000e+00
179	94	1.000000000000000e+00
448	94	1.000000000000000e+00
23	95	1.000000000000000e+00
103	95	1.000000000000000e+00
191	95	1.000000000000000e+00
325	95	1.000000000000000e+00
189	96	1.000000000000000e+00
222	97	1.000000000000000e+00
319	97	1.000000000000000e+00
241	98	1.000000000000000e+00
341	98	1.000000000000000e+00
2	99	1.000000000000000e+00
50	99	1.000000000000000e+00
107	99	1.000000000000000e+00
296	99	1.000000000000000e+00
306	99	1.000000000000000e+00
29	100	1.000000000000000e+00
420	100	1.000000000000000e+00
26	101	1.000000000000000e+00
46	101	1.000000000000000e+00
56	101	1.000000000000000e+00
60	101	1.000000000000000e+00
128	101	1.000000000000000e+00
77	102	1.000000000000000e+00
322	102	1.000000000000000e+00
384	102	1.000000000000000e+00
95	103	1.000000000000000e+00
320	103	1.000000000000000e+00
107	104	1.000000000000000e+00
166	104	1.000000000000000e+00
237	104	1.000000000000000e+00
263	104	1.000000000000000e+00
460	104	1.000000000000000e+00
27	105	1.000000000000000e+00
172	105	1.000000000000000e+00
406	105	1.000000000000000e+00
49	106	1.000000000000000e+00
285	106	1.000000000000000e+00
459	106	1.000000000000000e+00
99	107	1.000000000000000e+00
104	107	1.000000000000000e+00
460	107	1.000000000000000e+00
471	109	1.000000000000000e+00
86	110	1.000000000000000e+00
186	110	1.000000000000000e+00
223	110	1.000000000000000e+00
459	110	1.000000000000000e+00
474	110	1.000000000000000e+00
24	111	1.000000000000000e+00
245	111	1.000000000000000e+00
461	111	1.000000000000000e+00
129	112	1.000000000000000e+00
166	112	1.000000000000000e+00
180	112	1.000000000000000e+00
355	112	1.000000000000000e+00
205	113	1.000000000000000e+00
335	113	1.000000000000000e+00
370	113	1.000000000000000e+00
374	113	1.000000000000000e+00
441	113	1.000000000000000e+00
131	114	1.000000000000000e+00
197	114	1.000000000000000e+00
317	114	1.000000000000000e+00
322	114	1.000000000000000e+00
326	114	1.000000000000000e+00
340	114	1.000000000000000e+00
422	114	1.000000000000000e+00
35	115	1.000000000000000e+00
45	115	1.000000000000000e+00
138	115	1.000000000000000e+00
332	115	1.000000000000000e+00
389	115	1.000000000000000e+00
212	116	1.000000000000000e+00
267	116	1.000000000000000e+00
334	116	1.000000000000000e+00
399	116	1.000000000000000e+00
409	116	1.000000000000000e+00
434	116	1.000000000000000e+00
124	117	1.000000000000000e+00
302	117	1.000000000000000e+00
338	117	1.000000000000000e+00
201	118	1.000000000000000e+00
326	118	1.000000000000000e+00
422	118	1.000000000000000e+00
269	119	1.000000000000000e+00
391	120	1.000000000000000e+00
392	120	1.000000000000000e+00
472	120	1.000000000000000e+00
215	121	1.000000000000000e+00
324	121	1.000000000000000e+00
18	122	1.000000000000000e+00
214	122	1.000000000000000e+00
333	122	1.000000000000000e+00
6	123	1.000000000000000e+00
28	123	1.000000000000000e+00
313	123	1.000000000000000e+00
322	123	1.000000000000000e+00
485	123	1.000000000000000e+00
63	124	1.000000000000000e+00
117	124	1.000000000000000e+00
255	124	1.000000000000000e+00
380	124	1.000000000000000e+00
390	124	1.000000000000000e+00
192	125	1.000000000000000e+00
205	125	1.000000000000000e+00
413	125	1.000000000000000e+00
477	125	1.000000000000000e+00
2	126	1.000000000000000e+00
196	126	1.000000000000000e+00
336	127	1.000000000000000e+00
480	127	1.000000000000000e+00
101	128	1.000000000000000e+00
228	128	1.000000000000000e+00
284	128	1.000000000000000e+00
388	128	1.000000000000000e+00
51	129	1.000000000000000e+00
112	129	1.000000000000000e+00
156	129	1.000000000000000e+00
45	130	1.000000000000000e+00
235	130	1.000000000000000e+00
269	130	1.000000000000000e+00
436	130	1.000000000000000e+00
438	130	1.000000000000000e+00
94	131	1.000000000000000e+00
114	131	1.000000000000000e+00
143	131	1.000000000000000e+00
150	131	1.000000000000000e+00
154	131	1.000000000000000e+00
157	131	1.000000000000000e+00
177	131	1.000000000000000e+00
183	131	1.000000000000000e+00
199	131	1.000000000000000e+00
270	131	1.000000000000000e+00
308	131	1.000000000000000e+00
38	132	1.000000000000000e+00
205	132	1.000000000000000e+00
266	132	1.000000000000000e+00
10	133	1.000000000000000e+00
312	133	1.000000000000000e+00
373	133	1.000000000000000e+00
485	133	1.000000000000000e+00
92	134	1.000000000000000e+00
474	134	1.000000000000000e+00
422	135	1.000000000000000e+00
231	136	1.000000000000000e+00
255	136	1.000000000000000e+00
382	136	1.000000000000000e+00
201	137	1.000000000000000e+00
303	137	1.000000000000000e+00
21	138	1.000000000000000e+00
115	138	1.000000000000000e+00
327	138	1.000000000000000e+00
361	138	1.000000000000000e+00
62	139	1.000000000000000e+00
206	139	1.000000000000000e+00
303	139	1.000000000000000e+00
367	139	1.000000000000000e+00
159	140	1.000000000000000e+00
175	140	1.000000000000000e+00
374	140	1.000000000000000e+00
484	140	1.000000000000000e+00
48	141	1.000000000000000e+00
170	141	1.000000000000000e+00
203	141	1.000000000000000e+00
252	142	1.000000000000000e+00
31	143	1.000000000000000e+00
131	143	1.000000000000000e+00
349	144	1.000000000000000e+00
457	144	1.000000000000000e+00
42	145	1.000000000000000e+00
254	145	1.000000000000000e+00
287	145	1.000000000000000e+00
276	146	1.000000000000000e+00
282	146	1.000000000000000e+00
355	146	1.000000000000000e+00
165	147	1.000000000000000e+00
201	147	1.000000000000000e+00
220	147	1.000000000000000e+00
248	147	1.000000000000000e+00
297	147	1.000000000000000e+00
331	147	1.000000000000000e+00
457	147	1.000000000000000e+00
468	147	1.000000000000000e+00
470	147	1.000000000000000e+00
12	148	1.000000000000000e+00
424	148	1.000000000000000e+00
429	148	1.000000000000000e+00
486	148	1.000000000000000e+00
60	149	1.000000000000000e+00
157	149	1.000000000000000e+00
30	150	1.000000000000000e+00
131	150	1.000000000000000e+00
211	150	1.000000000000000e+00
357	150	1.000000000000000e+00
194	151	1.000000000000000e+00
459	151	1.000000000000000e+00
198	152	1.000000000000000e+00
253	152	1.000000000000000e+00
299	152	1.000000000000000e+00
373	153	1.000000000000000e+00
24	154	1.000000000000000e+00
56	154	1.000000000000000e+00
131	154	1.000000000000000e+00
202	154	1.000000000000000e+00
345	154	1.000000000000000e+00
17	155	1.000000000000000e+00
29	155	1.000000000000000e+00
263	155	1.000000000000000e+00
129	156	1.000000000000000e+00
131	157	1.000000000000000e+00
149	157	1.000000000000000e+00
169	157	1.000000000000000e+00
262	157	1.000000000000000e+00
362	157	1.000000000000000e+00
427	157	1.000000000000000e+00
70	158	1.000000000000000e+00
292	158	1.000000000000000e+00
15	159	1.000000000000000e+00
140	159	1.000000000000000e+00
421	159	1.000000000000000e+00
221	160	1.000000000000000e+00
239	160	1.000000000000000e+00
280	160	1.000000000000000e+00
297	160	1.000000000000000e+00
327	160	1.000000000000000e+00
408	160	1.000000000000000e+00
427	160	1.000000000000000e+00
480	160	1.000000000000000e+00
487	160	1.000000000000000e+00
196	162	1.000000000000000e+00
444	162	1.000000000000000e+00
495	162	1.000000000000000e+00
187	163	1.000000000000000e+00
373	163	1.000000000000000e+00
24	164	1.000000000000000e+00
33	164	1.000000000000000e+00
73	164	1.000000000000000e+00
181	164	1.000000000000000e+00
386	164	1.000000000000000e+00
398	164	1.000000000000000e+00
147	165	1.000000000000000e+00
297	165	1.000000000000000e+00
301	165	1.000000000000000e+00
85	166	1.000000000000000e+00
104	166	1.000000000000000e+00
112	166	1.000000000000000e+00
233	166	1.000000000000000e+00
266	167	1.000000000000000e+00
322	167	1.000000000000000e+00
433	167	1.000000000000000e+00
448	167	1.000000000000000e+00
21	168	1.000000000000000e+00
80	168	1.000000000000000e+00
462	168	1.000000000000000e+00
75	169	1.000000000000000e+00
157	169	1.000000000000000e+00
387	169	1.000000000000000e+00
396	169	1.000000000000000e+00
451	169	1.000000000000000e+00
141	170	1.000000000000000e+00
279	170	1.000000000000000e+00
435	170	1.000000000000000e+00
52	171	1.000000000000000e+00
386	171	1.000000000000000e+00
105	172	1.000000000000000e+00
190	172	1.000000000000000e+00
193	172	1.000000000000000e+00
360	172	1.000000000000000e+00
26	173	1.000000000000000e+00
189	173	1.000000000000000e+00
333	173	1.000000000000000e+00
438	173	1.000000000000000e+00
457	173	1.000000000000000e+00
210	174	1.000000000000000e+00
308	174	1.000000000000000e+00
313	174	1.000000000000000e+00
330	174	1.000000000000000e+00
364	174	1.000000000000000e+00
387	174	1.000000000000000e+00
88	175	1.000000000000000e+00
140	175	1.000000000000000e+00
195	175	1.000000000000000e+00
68	176	1.000000000000000e+00
231	176	1.000000000000000e+00
131	177	1.000000000000000e+00
424	177	1.000000000000000e+00
448	177	1.000000000000000e+00
184	178	1.000000000000000e+00
414	178	1.000000000000000e+00
496	178	1.000000000000000e+00
46	179	1.000000000000000e+00
94	179	1.000000000000000e+00
271	179	1.000000000000000e+00
463	179	1.000000000000000e+00
112	180	1.000000000000000e+00
164	181	1.000000000000000e+00
310	181	1.000000000000000e+00
462	182	1.000000000000000e+00
495	182	1.000000000000000e+00
131	183	1.000000000000000e+00
219	183	1.000000000000000e+00
252	183	1.000000000000000e+00
325	183	1.000000000000000e+00
178	184	1.000000000000000e+00
305	184	1.000000000000000e+00
68	185	1.000000000000000e+00
231	185	1.000000000000000e+00
283	185	1.000000000000000e+00
376	185	1.000000000000000e+00
432	185	1.000000000000000e+00
499	185	1.000000000000000e+00
110	186	1.000000000000000e+00
199	186	1.000000000000000e+00
360	186	1.000000000000000e+00
163	187	1.000000000000000e+00
283	187	1.000000000000000e+00
35	188	1.000000000000000e+00
415	188	1.000000000000000e+00
96	189	1.000000000000000e+00
173	189	1.000000000000000e+00
451	189	1.000000000000000e+00
17	190	1.000000000000000e+00
30	190	1.000000000000000e+00
172	190	1.000000000000000e+00
297	190	1.000000000000000e+00
10	191	1.000000000000000e+00
95	191	1.000000000000000e+00
218	191	1.000000000000000e+00
312	191	1.000000000000000e+00
385	191	1.000000000000000e+00
5	192	1.000000000000000e+00
78	192	1.000000000000000e+00
125	192	1.000000000000000e+00
197	192	1.000000000000000e+00
172	193	1.000000000000000e+00
377	193	1.000000000000000e+00
151	194	1.000000000000000e+00
241	194	1.000000000000000e+00
283	194	1.000000000000000e+00
308	194	1.000000000000000e+00
175	195	1.000000000000000e+00
289	195	1.000000000000000e+00
84	196	1.000000000000000e+00
126	196	1.000000000000000e+00
162	196	1.000000000000000e+00
230	196	1.000000000000000e+00
401	196	1.000000000000000e+00
114	197	1.000000000000000e+00
192	197	1.000000000000000e+00
329	197	1.000000000000000e+00
336	197	1.000000000000000e+00
355	197	1.000000000000000e+00
356	197	1.000000000000000e+00
57	198	1.000000000000000e+00
152	198	1.000000000000000e+00
243	198	1.000000000000000e+00
131	199	1.000000000000000e+00
186	199	1.000000000000000e+00
308	199	1.000000000000000e+00
453	199	1.000000000000000e+00
485	199	1.000000000000000e+00
293	200	1.000000000000000e+00
316	200	1.000000000000000e+00
352	200	1.000000000000000e+00
27	201	1.000000000000000e+00
118	201	1.000000000000000e+00
137	201	1.000000000000000e+00
147	201	1.000000000000000e+00
404	201	1.000000000000000e+00
154	202	1.000000000000000e+00
316	202	1.000000000000000e+00
382	202	1.000000000000000e+00
141	203	1.000000000000000e+00
431	203	1.000000000000000e+00
29	204	1.000000000000000e+00
273	204	1.000000000000000e+00
316	204	1.000000000000000e+00
348	204	1.000000000000000e+00
367	204	1.000000000000000e+00
13	205	1.000000000000000e+00
113	205	1.000000000000000e+00
125	205	1.000000000000000e+00
132	205	1.000000000000000e+00
458	205	1.000000000000000e+00
68	206	1.000000000000000e+00
139	206	1.000000000000000e+00
225	206	1.000000000000000e+00
469	206	1.000000000000000e+00
21	207	1.000000000000000e+00
312	207	1.000000000000000e+00
330	207	1.000000000000000e+00
490	207	1.000000000000000e+00
267	208	1.000000000000000e+00
294	208	1.000000000000000e+00
370	208	1.000000000000000e+00
5	209	1.000000000000000e+00
242	209	1.000000000000000e+00
174	210	1.000000000000000e+00
373	210	1.000000000000000e+00
435	210	1.000000000000000e+00
150	211	1.000000000000000e+00
229	211	1.000000000000000e+00
464	211	1.000000000000000e+00
8	212	1.000000000000000e+00
116	212	1.000000000000000e+00
371	212	1.000000000000000e+00
396	212	1.000000000000000e+00
28	213	1.000000000000000e+00
310	213	1.000000000000000e+00
411	213	1.000000000000000e+00
443	213	1.000000000000000e+00
122	214	1.000000000000000e+00
121	215	1.000000000000000e+00
222	215	1.000000000000000e+00
489	215	1.000000000000000e+00
50	216	1.000000000000000e+00
298	216	1.000000000000000e+00
401	216	1.000000000000000e+00
14	217	1.000000000000000e+00
279	217	1.000000000000000e+00
422	217	1.000000000000000e+00
68	218	1.000000000000000e+00
191	218	1.000000000000000e+00
264	218	1.000000000000000e+00
441	218	1.000000000000000e+00
449	218	1.000000000000000e+00
493	218	1.000000000000000e+00
183	219	1.000000000000000e+00
267	219	1.000000000000000e+00
320	219	1.000000000000000e+00
467	219	1.000000000000000e+00
147	220	1.000000000000000e+00
239	220	1.000000000000000e+00
467	220	1.000000000000000e+00
160	221	1.000000000000000e+00
296	221	1.000000000000000e+00
324	221	1.000000000000000e+00
455	221	1.000000000000000e+00
485	221	1.000000000000000e+00
97	222	1.000000000000000e+00
215	222	1.000000000000000e+00
377	222	1.000000000000000e+00
110	223	1.000000000000000e+00
406	223	1.000000000000000e+00
16	224	1.000000000000000e+00
368	224	1.000000000000000e+00
461	224	1.000000000000000e+00
206	225	1.000000000000000e+00
410	225	1.000000000000000e+00
86	226	1.000000000000000e+00
274	226	1.000000000000000e+00
322	226	1.000000000000000e+00
468	226	1.000000000000000e+00
236	227	1.000000000000000e+00
239	227	1.000000000000000e+00
128	228	1.000000000000000e+00
331	228	1.000000000000000e+00
390	228	1.000000000000000e+00
26	229	1.000000000000000e+00
211	229	1.000000000000000e+00
375	229	1.000000000000000e+00
435	229	1.000000000000000e+00
43	230	1.000000000000000e+00
196	230	1.000000000000000e+00
370	230	1.000000000000000e+00
67	231	1.000000000000000e+00
136	231	1.000000000000000e+00
176	231	1.000000000000000e+00
185	231	1.000000000000000e+00
246	231	1.000000000000000e+00
294	231	1.000000000000000e+00
74	232	1.000000000000000e+00
89	232	1.000000000000000e+00
458	232	1.000000000000000e+00
66	233	1.000000000000000e+00
166	233	1.000000000000000e+00
389	233	1.000000000000000e+00
441	233	1.000000000000000e+00
345	234	1.000000000000000e+00
130	235	1.000000000000000e+00
39	236	1.000000000000000e+00
227	236	1.000000000000000e+00
308	236	1.000000000000000e+00
65	237	1.000000000000000e+00
104	237	1.000000000000000e+00
306	237	1.000000000000000e+00
351	237	1.000000000000000e+00
352	237	1.000000000000000e+00
485	237	1.000000000000000e+00
335	238	1.000000000000000e+00
357	238	1.000000000000000e+00
435	238	1.000000000000000e+00
160	239	1.000000000000000e+00
220	239	1.000000000000000e+00
227	239	1.000000000000000e+00
241	240	1.000000000000000e+00
20	241	1.000000000000000e+00
98	241	1.000000000000000e+00
194	241	1.000000000000000e+00
240	241	1.000000000000000e+00
258	241	1.000000000000000e+00
411	241	1.000000000000000e+00
209	242	1.000000000000000e+00
283	242	1.000000000000000e+00
419	242	1.000000000000000e+00
23	243	1.000000000000000e+00
57	243	1.000000000000000e+00
58	243	1.000000000000000e+00
198	243	1.000000000000000e+00
408	244	1.000000000000000e+00
111	245	1.000000000000000e+00
325	245	1.000000000000000e+00
360	245	1.000000000000000e+00
64	246	1.000000000000000e+00
231	246	1.000000000000000e+00
329	246	1.000000000000000e+00
414	246	1.000000000000000e+00
421	246	1.000000000000000e+00
147	248	1.000000000000000e+00
429	248	1.000000000000000e+00
459	248	1.000000000000000e+00
250	249	1.000000000000000e+00
249	250	1.000000000000000e+00
493	250	1.000000000000000e+00
64	251	1.000000000000000e+00
366	251	1.000000000000000e+00
373	251	1.000000000000000e+00
405	251	1.000000000000000e+00
484	251	1.000000000000000e+00
142	252	1.000000000000000e+00
183	252	1.000000000000000e+00
280	252	1.000000000000000e+00
152	253	1.000000000000000e+00
278	253	1.000000000000000e+00
485	253	1.000000000000000e+00
82	254	1.000000000000000e+00
145	254	1.000000000000000e+00
340	254	1.000000000000000e+00
429	254	1.000000000000000e+00
439	254	1.000000000000000e+00
60	255	1.000000000000000e+00
124	255	1.000000000000000e+00
136	255	1.000000000000000e+00
480	255	1.000000000000000e+00
77	256	1.000000000000000e+00
65	257	1.000000000000000e+00
499	257	1.000000000000000e+00
12	258	1.000000000000000e+00
83	258	1.000000000000000e+00
241	258	1.000000000000000e+00
483	258	1.000000000000000e+00
286	260	1.000000000000000e+00
467	260	1.000000000000000e+00
342	261	1.000000000000000e+00
442	261	1.000000000000000e+00
93	262	1.000000000000000e+00
157	262	1.000000000000000e+00
358	262	1.000000000000000e+00
485	262	1.000000000000000e+00
104	263	1.000000000000000e+00
155	263	1.000000000000000e+00
20	264	1.000000000000000e+00
218	264	1.000000000000000e+00
334	264	1.000000000000000e+00
488	264	1.000000000000000e+00
6	265	1.000000000000000e+00
54	265	1.000000000000000e+00
373	265	1.000000000000000e+00
432	265	1.000000000000000e+00
443	265	1.000000000000000e+00
85	266	1.000000000000000e+00
132	266	1.000000000000000e+00
167	266	1.000000000000000e+00
297	266	1.000000000000000e+00
56	267	1.000000000000000e+00
116	267	1.000000000000000e+00
208	267	1.000000000000000e+00
219	267	1.000000000000000e+00
319	267	1.000000000000000e+00
352	267	1.000000000000000e+00
430	267	1.000000000000000e+00
497	267	1.000000000000000e+00
317	268	1.000000000000000e+00
328	268	1.000000000000000e+00
404	268	1.000000000000000e+00
424	268	1.000000000000000e+00
437	268	1.000000000000000e+00
119	269	1.000000000000000e+00
130	269	1.000000000000000e+00
278	269	1.000000000000000e+00
370	269	1.000000000000000e+00
379	269	1.000000000000000e+00
131	270	1.000000000000000e+00
179	271	1.000000000000000e+00
311	271	1.000000000000000e+00
323	271	1.000000000000000e+00
342	271	1.000000000000000e+00
319	272	1.000000000000000e+00
78	273	1.000000000000000e+00
204	273	1.000000000000000e+00
295	273	1.000000000000000e+00
373	273	1.000000000000000e+00
379	273	1.000000000000000e+00
412	273	1.000000000000000e+00
420	273	1.000000000000000e+00
437	273	1.000000000000000e+00
226	274	1.000000000000000e+00
313	274	1.000000000000000e+00
358	275	1.000000000000000e+00
445	275	1.000000000000000e+00
489	275	1.000000000000000e+00
146	276	1.000000000000000e+00
4	277	1.000000000000000e+00
34	277	1.000000000000000e+00
308	277	1.000000000000000e+00
370	277	1.000000000000000e+00
417	277	1.000000000000000e+00
45	278	1.000000000000000e+00
253	278	1.000000000000000e+00
269	278	1.000000000000000e+00
335	278	1.000000000000000e+00
497	278	1.000000000000000e+00
170	279	1.000000000000000e+00
217	279	1.000000000000000e+00
282	279	1.000000000000000e+00
322	279	1.000000000000000e+00
436	279	1.000000000000000e+00
160	280	1.000000000000000e+00
252	280	1.000000000000000e+00
373	280	1.000000000000000e+00
437	280	1.000000000000000e+00
454	280	1.000000000000000e+00
410	281	1.000000000000000e+00
470	281	1.000000000000000e+00
146	282	1.000000000000000e+00
279	282	1.000000000000000e+00
185	283	1.000000000000000e+00
187	283	1.000000000000000e+00
194	283	1.000000000000000e+00
242	283	1.000000000000000e+00
35	284	1.000000000000000e+00
128	284	1.000000000000000e+00
478	284	1.000000000000000e+00
106	285	1.000000000000000e+00
314	285	1.000000000000000e+00
437	285	1.000000000000000e+00
483	285	1.000000000000000e+00
260	286	1.000000000000000e+00
296	286	1.000000000000000e+00
348	286	1.000000000000000e+00
439	286	1.000000000000000e+00
22	287	1.000000000000000e+00
41	287	1.000000000000000e+00
145	287	1.000000000000000e+00
427	287	1.000000000000000e+00
374	288	1.000000000000000e+00
396	288	1.000000000000000e+00
195	289	1.000000000000000e+00
326	289	1.000000000000000e+00
308	290	1.000000000000000e+00
315	290	1.000000000000000e+00
298	291	1.000000000000000e+00
158	292	1.000000000000000e+00
435	292	1.000000000000000e+00
200	293	1.000000000000000e+00
34	294	1.000000000000000e+00
52	294	1.000000000000000e+00
76	294	1.000000000000000e+00
208	294	1.000000000000000e+00
231	294	1.000000000000000e+00
376	294	1.000000000000000e+00
463	294	1.000000000000000e+00
492	294	1.000000000000000e+00
273	295	1.000000000000000e+00
308	295	1.000000000000000e+00
435	295	1.000000000000000e+00
99	296	1.000000000000000e+00
221	296	1.000000000000000e+00
286	296	1.000000000000000e+00
298	296	1.000000000000000e+00
396	296	1.000000000000000e+00
87	297	1.000000000000000e+00
147	297	1.000000000000000e+00
160	297	1.000000000000000e+00
165	297	1.000000000000000e+00
190	297	1.000000000000000e+00
266	297	1.000000000000000e+00
397	297	1.000000000000000e+00
422	297	1.000000000000000e+00
10	298	1.000000000000000e+00
29	298	1.000000000000000e+00
57	298	1.000000000000000e+00
216	298	1.000000000000000e+00
291	298	1.000000000000000e+00
296	298	1.000000000000000e+00
478	298	1.000000000000000e+00
39	299	1.000000000000000e+00
152	299	1.000000000000000e+00
10	300	1.000000000000000e+00
165	301	1.000000000000000e+00
399	301	1.000000000000000e+00
117	302	1.000000000000000e+00
385	302	1.000000000000000e+00
137	303	1.000000000000000e+00
139	303	1.000000000000000e+00
485	303	1.000000000000000e+00
78	304	1.000000000000000e+00
318	304	1.000000000000000e+00
432	304	1.000000000000000e+00
493	304	1.000000000000000e+00
5	305	1.000000000000000e+00
7	305	1.000000000000000e+00
12	305	1.000000000000000e+00
184	305	1.000000000000000e+00
422	305	1.000000000000000e+00
491	305	1.000000000000000e+00
65	306	1.000000000000000e+00
99	306	1.000000000000000e+00
237	306	1.000000000000000e+00
37	307	1.000000000000000e+00
43	307	1.000000000000000e+00
328	307	1.000000000000000e+00
29	308	1.000000000000000e+00
131	308	1.000000000000000e+00
174	308	1.000000000000000e+00
194	308	1.000000000000000e+00
199	308	1.000000000000000e+00
236	308	1.000000000000000e+00
277	308	1.000000000000000e+00
290	308	1.000000000000000e+00
295	308	1.000000000000000e+00
476	308	1.000000000000000e+00
455	309	1.000000000000000e+00
485	309	1.000000000000000e+00
181	310	1.000000000000000e+00
213	310	1.000000000000000e+00
445	310	1.000000000000000e+00
451	310	1.000000000000000e+00
498	310	1.000000000000000e+00
271	311	1.000000000000000e+00
357	311	1.000000000000000e+00
81	312	1.000000000000000e+00
133	312	1.000000000000000e+00
191	312	1.000000000000000e+00
207	312	1.000000000000000e+00
486	312	1.000000000000000e+00
494	312	1.000000000000000e+00
123	313	1.000000000000000e+00
174	313	1.000000000000000e+00
274	313	1.000000000000000e+00
480	313	1.000000000000000e+00
285	314	1.000000000000000e+00
342	314	1.000000000000000e+00
290	315	1.000000000000000e+00
200	316	1.000000000000000e+00
202	316	1.000000000000000e+00
204	316	1.000000000000000e+00
114	317	1.000000000000000e+00
268	317	1.000000000000000e+00
480	317	1.000000000000000e+00
40	318	1.000000000000000e+00
304	318	1.000000000000000e+00
326	318	1.000000000000000e+00
498	318	1.000000000000000e+00
51	319	1.000000000000000e+00
97	319	1.000000000000000e+00
267	319	1.000000000000000e+00
272	319	1.000000000000000e+00
480	319	1.000000000000000e+00
103	320	1.000000000000000e+00
219	320	1.000000000000000e+00
372	321	1.000000000000000e+00
102	322	1.000000000000000e+00
114	322	1.000000000000000e+00
123	322	1.000000000000000e+00
167	322	1.000000000000000e+00
226	322	1.000000000000000e+00
279	322	1.000000000000000e+00
391	322	1.000000000000000e+00
271	323	1.000000000000000e+00
380	323	1.000000000000000e+00
395	323	1.000000000000000e+00
121	324	1.000000000000000e+00
221	324	1.000000000000000e+00
349	324	1.000000000000000e+00
95	325	1.000000000000000e+00
183	325	1.000000000000000e+00
245	325	1.000000000000000e+00
465	325	1.000000000000000e+00
114	326	1.000000000000000e+00
118	326	1.000000000000000e+00
289	326	1.000000000000000e+00
318	326	1.000000000000000e+00
138	327	1.000000000000000e+00
160	327	1.000000000000000e+00
399	327	1.000000000000000e+00
268	328	1.000000000000000e+00
307	328	1.000000000000000e+00
436	328	1.000000000000000e+00
91	329	1.000000000000000e+00
197	329	1.000000000000000e+00
246	329	1.000000000000000e+00
419	329	1.000000000000000e+00
462	329	1.000000000000000e+00
52	330	1.000000000000000e+00
174	330	1.000000000000000e+00
207	330	1.000000000000000e+00
433	330	1.000000000000000e+00
488	330	1.000000000000000e+00
147	331	1.000000000000000e+00
228	331	1.000000000000000e+00
418	331	1.000000000000000e+00
73	332	1.000000000000000e+00
115	332	1.000000000000000e+00
5	333	1.000000000000000e+00
122	333	1.000000000000000e+00
173	333	1.000000000000000e+00
116	334	1.000000000000000e+00
264	334	1.000000000000000e+00
364	334	1.000000000000000e+00
444	334	1.000000000000000e+00
87	335	1.000000000000000e+00
113	335	1.000000000000000e+00
238	335	1.000000000000000e+00
278	335	1.000000000000000e+00
379	335	1.000000000000000e+00
488	335	1.000000000000000e+00
55	336	1.000000000000000e+00
69	336	1.000000000000000e+00
127	336	1.000000000000000e+00
197	336	1.000000000000000e+00
20	338	1.000000000000000e+00
117	338	1.000000000000000e+00
2	339	1.000000000000000e+00
354	339	1.000000000000000e+00
114	340	1.000000000000000e+00
254	340	1.000000000000000e+00
391	340	1.000000000000000e+00
19	341	1.000000000000000e+00
98	341	1.000000000000000e+00
261	342	1.000000000000000e+00
271	342	1.000000000000000e+00
314	342	1.000000000000000e+00
361	342	1.000000000000000e+00
369	343	1.000000000000000e+00
9	344	1.000000000000000e+00
20	344	1.000000000000000e+00
46	345	1.000000000000000e+00
154	345	1.000000000000000e+00
234	345	1.000000000000000e+00
472	345	1.000000000000000e+00
28	346	1.000000000000000e+00
47	346	1.000000000000000e+00
372	346	1.000000000000000e+00
381	346	1.000000000000000e+00
406	346	1.000000000000000e+00
403	347	1.000000000000000e+00
204	348	1.000000000000000e+00
286	348	1.000000000000000e+00
51	349	1.000000000000000e+00
73	349	1.000000000000000e+00
144	349	1.000000000000000e+00
324	349	1.000000000000000e+00
237	351	1.000000000000000e+00
353	351	1.000000000000000e+00
473	351	1.000000000000000e+00
200	352	1.000000000000000e+00
237	352	1.000000000000000e+00
267	352	1.000000000000000e+00
496	352	1.000000000000000e+00
351	353	1.000000000000000e+00
481	353	1.000000000000000e+00
40	354	1.000000000000000e+00
339	354	1.000000000000000e+00
112	355	1.000000000000000e+00
146	355	1.000000000000000e+00
197	355	1.000000000000000e+00
374	355	1.000000000000000e+00
394	355	1.000000000000000e+00
445	355	1.000000000000000e+00
83	356	1.000000000000000e+00
197	356	1.000000000000000e+00
42	357	1.000000000000000e+00
150	357	1.000000000000000e+00
238	357	1.000000000000000e+00
311	357	1.000000000000000e+00
436	357	1.000000000000000e+00
262	358	1.000000000000000e+00
275	358	1.000000000000000e+00
485	358	1.000000000000000e+00
500	358	1.000000000000000e+00
411	359	1.000000000000000e+00
12	360	1.000000000000000e+00
172	360	1.000000000000000e+00
186	360	1.000000000000000e+00
245	360	1.000000000000000e+00
468	360	1.000000000000000e+00
138	361	1.000000000000000e+00
342	361	1.000000000000000e+00
425	361	1.000000000000000e+00
491	361	1.000000000000000e+00
157	362	1.000000000000000e+00
364	362	1.000000000000000e+00
7	363	1.000000000000000e+00
10	364	1.000000000000000e+00
174	364	1.000000000000000e+00
334	364	1.000000000000000e+00
362	364	1.000000000000000e+00
251	366	1.000000000000000e+00
453	366	1.000000000000000e+00
9	367	1.000000000000000e+00
139	367	1.000000000000000e+00
204	367	1.000000000000000e+00
224	368	1.000000000000000e+00
435	368	1.000000000000000e+00
451	368	1.000000000000000e+00
343	369	1.000000000000000e+00
59	370	1.000000000000000e+00
70	370	1.000000000000000e+00
113	370	1.000000000000000e+00
208	370	1.000000000000000e+00
230	370	1.000000000000000e+00
269	370	1.000000000000000e+00
277	370	1.000000000000000e+00
476	370	1.000000000000000e+00
212	371	1.000000000000000e+00
321	372	1.000000000000000e+00
346	372	1.000000000000000e+00
4	373	1.000000000000000e+00
7	373	1.000000000000000e+00
24	373	1.000000000000000e+00
133	373	1.000000000000000e+00
153	373	1.000000000000000e+00
163	373	1.000000000000000e+00
210	373	1.000000000000000e+00
251	373	1.000000000000000e+00
265	373	1.000000000000000e+00
273	373	1.000000000000000e+00
280	373	1.000000000000000e+00
12	374	1.000000000000000e+00
113	374	1.000000000000000e+00
140	374	1.000000000000000e+00
288	374	1.000000000000000e+00
355	374	1.000000000000000e+00
29	375	1.000000000000000e+00
49	375	1.000000000000000e+00
229	375	1.000000000000000e+00
417	375	1.000000000000000e+00
441	375	1.000000000000000e+00
29	376	1.000000000000000e+00
185	376	1.000000000000000e+00
294	376	1.000000000000000e+00
193	377	1.000000000000000e+00
222	377	1.000000000000000e+00
51	378	1.000000000000000e+00
54	378	1.000000000000000e+00
460	378	1.000000000000000e+00
495	378	1.000000000000000e+00
33	379	1.000000000000000e+00
269	379	1.000000000000000e+00
273	379	1.000000000000000e+00
335	379	1.000000000000000e+00
460	379	1.000000000000000e+00
10	380	1.000000000000000e+00
70	380	1.000000000000000e+00
124	380	1.000000000000000e+00
323	380	1.000000000000000e+00
346	381	1.000000000000000e+00
467	381	1.000000000000000e+00
479	381	1.000000000000000e+00
136	382	1.000000000000000e+00
202	382	1.000000000000000e+00
5	383	1.000000000000000e+00
35	383	1.000000000000000e+00
414	383	1.000000000000000e+00
444	383	1.000000000000000e+00
102	384	1.000000000000000e+00
191	385	1.000000000000000e+00
302	385	1.000000000000000e+00
164	386	1.000000000000000e+00
171	386	1.000000000000000e+00
169	387	1.000000000000000e+00
174	387	1.000000000000000e+00
4	388	1.000000000000000e+00
128	388	1.000000000000000e+00
497	388	1.000000000000000e+00
115	389	1.000000000000000e+00
233	389	1.000000000000000e+00
124	390	1.000000000000000e+00
228	390	1.000000000000000e+00
441	390	1.000000000000000e+00
59	391	1.000000000000000e+00
61	391	1.000000000000000e+00
120	391	1.000000000000000e+00
322	391	1.000000000000000e+00
340	391	1.000000000000000e+00
392	391	1.000000000000000e+00
120	392	1.000000000000000e+00
391	392	1.000000000000000e+00
48	393	1.000000000000000e+00
77	393	1.000000000000000e+00
422	393	1.000000000000000e+00
431	393	1.000000000000000e+00
4	394	1.000000000000000e+00
355	394	1.000000000000000e+00
323	395	1.000000000000000e+00
169	396	1.000000000000000e+00
212	396	1.000000000000000e+00
288	396	1.000000000000000e+00
296	396	1.000000000000000e+00
297	397	1.000000000000000e+00
483	397	1.000000000000000e+00
91	398	1.000000000000000e+00
164	398	1.000000000000000e+00
482	398	1.000000000000000e+00
37	399	1.000000000000000e+00
48	399	1.000000000000000e+00
68	399	1.000000000000000e+00
116	399	1.000000000000000e+00
301	399	1.000000000000000e+00
327	399	1.000000000000000e+00
401	399	1.000000000000000e+00
450	399	1.000000000000000e+00
37	400	1.000000000000000e+00
13	401	1.000000000000000e+00
196	401	1.000000000000000e+00
216	401	1.000000000000000e+00
399	401	1.000000000000000e+00
82	402	1.000000000000000e+00
23	403	1.000000000000000e+00
347	403	1.000000000000000e+00
423	403	1.000000000000000e+00
201	404	1.000000000000000e+00
268	404	1.000000000000000e+00
414	404	1.000000000000000e+00
75	405	1.000000000000000e+00
251	405	1.000000000000000e+00
21	406	1.000000000000000e+00
88	406	1.000000000000000e+00
105	406	1.000000000000000e+00
223	406	1.000000000000000e+00
346	406	1.000000000000000e+00
34	408	1.000000000000000e+00
160	408	1.000000000000000e+00
244	408	1.000000000000000e+00
451	408	1.000000000000000e+00
464	408	1.000000000000000e+00
90	409	1.000000000000000e+00
116	409	1.000000000000000e+00
448	409	1.000000000000000e+00
225	410	1.000000000000000e+00
281	410	1.000000000000000e+00
19	411	1.000000000000000e+00
77	411	1.000000000000000e+00
83	411	1.000000000000000e+00
213	411	1.000000000000000e+00
241	411	1.000000000000000e+00
359	411	1.000000000000000e+00
14	412	1.000000000000000e+00
273	412	1.000000000000000e+00
125	413	1.000000000000000e+00
441	413	1.000000000000000e+00
447	413	1.000000000000000e+00
178	414	1.000000000000000e+00
246	414	1.000000000000000e+00
383	414	1.000000000000000e+00
404	414	1.000000000000000e+00
65	415	1.000000000000000e+00
188	415	1.000000000000000e+00
428	415	1.000000000000000e+00
438	415	1.000000000000000e+00
277	417	1.000000000000000e+00
375	417	1.000000000000000e+00
485	417	1.000000000000000e+00
331	418	1.000000000000000e+00
242	419	1.000000000000000e+00
329	419	1.000000000000000e+00
25	420	1.000000000000000e+00
100	420	1.000000000000000e+00
273	420	1.000000000000000e+00
22	421	1.000000000000000e+00
159	421	1.000000000000000e+00
246	421	1.000000000000000e+00
114	422	1.000000000000000e+00
118	422	1.000000000000000e+00
135	422	1.000000000000000e+00
217	422	1.000000000000000e+00
297	422	1.000000000000000e+00
305	422	1.000000000000000e+00
393	422	1.000000000000000e+00
433	422	1.000000000000000e+00
82	423	1.000000000000000e+00
403	423	1.000000000000000e+00
488	423	1.000000000000000e+00
148	424	1.000000000000000e+00
177	424	1.000000000000000e+00
268	424	1.000000000000000e+00
456	424	1.000000000000000e+00
361	425	1.000000000000000e+00
61	426	1.000000000000000e+00
76	426	1.000000000000000e+00
82	426	1.000000000000000e+00
62	427	1.000000000000000e+00
157	427	1.000000000000000e+00
160	427	1.000000000000000e+00
287	427	1.000000000000000e+00
471	427	1.000000000000000e+00
18	428	1.000000000000000e+00
52	428	1.000000000000000e+00
415	428	1.000000000000000e+00
485	428	1.000000000000000e+00
148	429	1.000000000000000e+00
248	429	1.000000000000000e+00
254	429	1.000000000000000e+00
267	430	1.000000000000000e+00
34	431	1.000000000000000e+00
203	431	1.000000000000000e+00
393	431	1.000000000000000e+00
185	432	1.000000000000000e+00
265	432	1.000000000000000e+00
304	432	1.000000000000000e+00
79	433	1.000000000000000e+00
167	433	1.000000000000000e+00
330	433	1.000000000000000e+00
422	433	1.000000000000000e+00
435	433	1.000000000000000e+00
116	434	1.000000000000000e+00
170	435	1.000000000000000e+00
210	435	1.000000000000000e+00
229	435	1.000000000000000e+00
238	435	1.000000000000000e+00
292	435	1.000000000000000e+00
295	435	1.000000000000000e+00
368	435	1.000000000000000e+00
433	435	1.000000000000000e+00
452	435	1.000000000000000e+00
130	436	1.000000000000000e+00
279	436	1.000000000000000e+00
328	436	1.000000000000000e+00
357	436	1.000000000000000e+00
63	437	1.000000000000000e+00
268	437	1.000000000000000e+00
273	437	1.000000000000000e+00
280	437	1.000000000000000e+00
285	437	1.000000000000000e+00
130	438	1.000000000000000e+00
173	438	1.000000000000000e+00
415	438	1.000000000000000e+00
254	439	1.000000000000000e+00
286	439	1.000000000000000e+00
9	440	1.000000000000000e+00
441	440	1.000000000000000e+00
46	441	1.000000000000000e+00
47	441	1.000000000000000e+00
56	441	1.000000000000000e+00
113	441	1.000000000000000e+00
218	441	1.000000000000000e+00
233	441	1.000000000000000e+00
375	441	1.000000000000000e+00
390	441	1.000000000000000e+00
413	441	1.000000000000000e+00
440	441	1.000000000000000e+00
261	442	1.000000000000000e+00
481	442	1.000000000000000e+00
213	443	1.000000000000000e+00
265	443	1.000000000000000e+00
470	443	1.000000000000000e+00
485	443	1.000000000000000e+00
162	444	1.000000000000000e+00
334	444	1.000000000000000e+00
383	444	1.000000000000000e+00
480	444	1.000000000000000e+00
18	445	1.000000000000000e+00
275	445	1.000000000000000e+00
310	445	1.000000000000000e+00
355	445	1.000000000000000e+00
18	446	1.000000000000000e+00
44	446	1.000000000000000e+00
2	447	1.000000000000000e+00
69	447	1.000000000000000e+00
413	447	1.000000000000000e+00
26	448	1.000000000000000e+00
82	448	1.000000000000000e+00
94	448	1.000000000000000e+00
167	448	1.000000000000000e+00
177	448	1.000000000000000e+00
409	448	1.000000000000000e+00
218	449	1.000000000000000e+00
50	450	1.000000000000000e+00
399	450	1.000000000000000e+00
169	451	1.000000000000000e+00
189	451	1.000000000000000e+00
310	451	1.000000000000000e+00
368	451	1.000000000000000e+00
408	451	1.000000000000000e+00
457	451	1.000000000000000e+00
52	452	1.000000000000000e+00
435	452	1.000000000000000e+00
456	452	1.000000000000000e+00
19	453	1.000000000000000e+00
199	453	1.000000000000000e+00
366	453	1.000000000000000e+00
280	454	1.000000000000000e+00
221	455	1.000000000000000e+00
309	455	1.000000000000000e+00
424	456	1.000000000000000e+00
452	456	1.000000000000000e+00
144	457	1.000000000000000e+00
147	457	1.000000000000000e+00
173	457	1.000000000000000e+00
451	457	1.000000000000000e+00
463	457	1.000000000000000e+00
205	458	1.000000000000000e+00
232	458	1.000000000000000e+00
43	459	1.000000000000000e+00
106	459	1.000000000000000e+00
110	459	1.000000000000000e+00
151	459	1.000000000000000e+00
248	459	1.000000000000000e+00
104	460	1.000000000000000e+00
107	460	1.000000000000000e+00
378	460	1.000000000000000e+00
379	460	1.000000000000000e+00
111	461	1.000000000000000e+00
224	461	1.000000000000000e+00
168	462	1.000000000000000e+00
182	462	1.000000000000000e+00
329	462	1.000000000000000e+00
179	463	1.000000000000000e+00
294	463	1.000000000000000e+00
457	463	1.000000000000000e+00
78	464	1.000000000000000e+00
211	464	1.000000000000000e+00
408	464	1.000000000000000e+00
486	464	1.000000000000000e+00
325	465	1.000000000000000e+00
1	466	1.000000000000000e+00
85	466	1.000000000000000e+00
219	467	1.000000000000000e+00
220	467	1.000000000000000e+00
260	467	1.000000000000000e+00
381	467	1.000000000000000e+00
147	468	1.000000000000000e+00
226	468	1.000000000000000e+00
360	468	1.000000000000000e+00
83	469	1.000000000000000e+00
206	469	1.000000000000000e+00
147	470	1.000000000000000e+00
281	470	1.000000000000000e+00
443	470	1.000000000000000e+00
109	471	1.000000000000000e+00
427	471	1.000000000000000e+00
120	472	1.000000000000000e+00
345	472	1.000000000000000e+00
351	473	1.000000000000000e+00
110	474	1.000000000000000e+00
134	474	1.000000000000000e+00
4	475	1.000000000000000e+00
69	475	1.000000000000000e+00
308	476	1.000000000000000e+00
370	476	1.000000000000000e+00
16	477	1.000000000000000e+00
125	477	1.000000000000000e+00
284	478	1.000000000000000e+00
298	478	1.000000000000000e+00
69	479	1.000000000000000e+00
381	479	1.000000000000000e+00
127	480	1.000000000000000e+00
160	480	1.000000000000000e+00
255	480	1.000000000000000e+00
313	480	1.000000000000000e+00
317	480	1.000000000000000e+00
319	480	1.000000000000000e+00
444	480	1.000000000000000e+00
353	481	1.000000000000000e+00
442	481	1.000000000000000e+00
398	482	1.000000000000000e+00
33	483	1.000000000000000e+00
85	483	1.000000000000000e+00
258	483	1.000000000000000e+00
285	483	1.000000000000000e+00
397	483	1.000000000000000e+00
140	484	1.000000000000000e+00
251	484	1.000000000000000e+00
14	485	1.000000000000000e+00
52	485	1.000000000000000e+00
123	485	1.000000000000000e+00
133	485	1.000000000000000e+00
199	485	1.000000000000000e+00
221	485	1.000000000000000e+00
237	485	1.000000000000000e+00
253	485	1.000000000000000e+00
262	485	1.000000000000000e+00
303	485	1.000000000000000e+00
309	485	1.000000000000000e+00
358	485	1.000000000000000e+00
417	485	1.000000000000000e+00
428	485	1.000000000000000e+00
443	485	1.000000000000000e+00
148	486	1.000000000000000e+00
312	486	1.000000000000000e+00
464	486	1.000000000000000e+00
160	487	1.000000000000000e+00
264	488	1.000000000000000e+00
330	488	1.000000000000000e+00
335	488	1.000000000000000e+00
423	488	1.000000000000000e+00
215	489	1.000000000000000e+00
275	489	1.000000000000000e+00
492	489	1.000000000000000e+00
207	490	1.000000000000000e+00
305	491	1.000000000000000e+00
361	491	1.000000000000000e+00
294	492	1.000000000000000e+00
489	492	1.000000000000000e+00
22	493	1.000000000000000e+00
32	493	1.000000000000000e+00
44	493	1.000000000000000e+00
218	493	1.000000000000000e+00
250	493	1.000000000000000e+00
304	493	1.000000000000000e+00
9	494	1.000000000000000e+00
28	494	1.000000000000000e+00
312	494	1.000000000000000e+00
73	495	1.000000000000000e+00
162	495	1.000000000000000e+00
182	495	1.000000000000000e+00
378	495	1.000000000000000e+00
178	496	1.000000000000000e+00
352	496	1.000000000000000e+00
267	497	1.000000000000000e+00
278	497	1.000000000000000e+00
388	497	1.000000000000000e+00
310	498	1.000000000000000e+00
318	498	1.000000000000000e+00
56	499	1.000000000000000e+00
185	499	1.000000000000000e+00
257	499	1.000000000000000e+00
358	500	1.000000000000000e+00