0 3
0 4
0 5
0 7
0 10
0 12
0 13
0 15
0 17
0 22
0 27
0 30
0 161
0 35
0 40
0 47
0 49
0 180
0 55
0 58
0 60
0 192
0 195
0 98
0 103
0 105
0 121
0 125
1 3
1 4
1 6
1 108
1 44
1 78
1 99
1 148
1 57
2 129
2 162
2 3
2 150
2 166
2 8
2 188
2 10
2 75
2 12
2 144
2 104
2 19
2 20
2 21
2 22
2 25
2 26
2 28
2 181
3 4
3 5
3 6
3 136
3 14
3 15
3 144
3 17
3 19
3 148
3 21
3 25
3 157
3 170
3 171
3 172
3 8
3 53
3 61
3 181
3 197
3 198
3 82
3 90
3 114
4 132
4 5
4 6
4 9
4 13
4 173
4 16
4 19
4 23
4 27
4 28
4 31
4 160
4 37
4 172
4 45
4 176
4 49
4 54
4 188
4 193
4 68
4 83
4 85
4 87
4 89
4 97
4 98
4 108
4 111
4 112
4 123
5 7
5 13
5 146
5 23
5 24
5 32
5 33
5 172
5 48
5 178
5 182
5 59
5 192
5 68
5 69
5 74
5 99
5 104
5 113
6 7
6 9
6 10
6 11
6 16
6 17
6 131
6 149
6 151
6 132
6 154
6 155
6 31
6 34
6 39
6 42
6 199
6 47
6 50
6 55
6 56
6 65
6 66
6 67
6 71
6 184
7 130
7 8
7 9
7 18
7 20
7 150
7 32
7 162
7 41
7 52
7 57
7 192
7 196
7 70
7 72
7 78
7 80
7 94
7 114
8 65
8 165
8 73
8 11
8 12
8 142
8 20
8 137
8 24
8 148
8 199
8 189
8 126
9 130
9 131
9 11
9 14
9 16
9 21
9 22
9 153
9 28
9 29
9 158
9 165
9 40
9 43
9 46
9 157
9 177
9 195
9 70
9 71
9 94
9 102
9 109
9 117
9 124
10 33
10 41
10 77
10 15
10 18
11 42
11 79
11 144
11 183
11 152
11 157
12 36
12 74
12 77
12 14
12 47
12 18
12 46
12 27
12 30
12 31
13 96
13 67
13 97
13 139
13 145
13 35
13 88
13 185
13 26
13 167
14 129
14 107
14 81
14 94
15 194
15 67
15 37
15 86
16 131
16 106
16 44
16 109
16 141
16 112
16 24
16 36
16 175
17 122
17 156
18 23
18 153
18 159
18 163
18 38
18 40
18 48
18 50
18 51
18 54
18 55
18 58
18 63
18 195
18 80
18 82
18 92
18 108
18 116
19 97
19 37
19 38
19 137
19 122
19 44
19 93
19 79
19 196
19 84
19 110
19 151
19 164
19 90
19 29
19 149
20 132
20 111
20 30
21 64
21 102
21 106
21 75
21 78
21 175
21 147
21 184
21 185
21 26
22 100
22 45
22 93
22 120
22 25
22 29
23 109
24 70
24 73
24 152
24 51
24 52
24 120
24 155
25 35
25 107
25 34
25 99
25 50
25 116
25 155
25 92
26 33
26 197
26 168
26 41
26 142
26 190
26 176
26 52
26 54
26 105
26 185
26 58
26 62
26 63
27 166
27 42
27 45
27 138
28 106
28 139
28 147
28 187
28 61
29 128
29 51
29 134
29 135
29 184
29 63
30 34
31 32
31 38
31 76
31 43
31 46
31 48
31 113
31 82
31 179
31 84
31 86
31 183
31 120
31 89
31 60
32 39
32 139
32 173
32 175
33 96
33 136
33 153
34 166
34 39
34 83
34 89
34 87
34 127
35 65
35 163
35 36
35 133
35 110
35 81
35 181
35 118
35 191
36 68
36 101
36 134
36 199
36 43
36 114
36 85
36 95
37 64
37 115
37 186
37 124
37 62
38 96
38 165
38 133
38 107
38 111
38 119
38 152
38 59
40 100
40 49
40 53
40 118
40 61
41 69
41 73
41 117
41 88
42 160
42 197
42 80
42 119
43 137
43 90
44 66
44 147
44 69
44 161
44 182
44 56
44 190
45 64
45 66
45 138
45 53
45 121
45 57
46 115
48 75
48 177
48 186
49 102
49 62
50 129
50 76
50 60
52 134
53 59
53 126
54 56
55 143
55 189
55 158
56 103
56 168
56 169
56 77
57 156
57 101
58 140
59 187
59 81
59 186
59 123
60 128
60 103
60 136
60 93
61 72
61 95
62 133
62 194
62 198
62 113
62 79
62 116
62 88
62 143
62 127
63 105
63 135
64 189
64 191
65 101
65 74
65 72
66 71
66 168
66 145
66 87
67 140
67 76
67 180
67 91
67 124
69 118
69 183
70 84
70 174
71 167
71 112
71 156
72 83
72 117
72 86
73 98
75 145
75 123
75 125
75 149
80 191
80 142
82 91
82 178
83 128
83 169
84 162
84 85
85 115
89 173
90 161
90 100
90 141
90 151
90 91
90 92
92 160
93 141
93 110
93 95
94 180
95 154
95 119
97 190
99 127
99 140
101 182
102 104
102 171
103 122
103 130
105 126
110 171
110 125
111 150
114 169
114 170
115 143
116 188
116 135
119 121
121 159
123 170
124 146
125 163
126 138
127 146
127 159
131 194
132 154
132 193
135 164
135 158
142 164
143 167
146 198
147 196
150 174
153 177
158 187
158 174
163 179
173 178
174 176
178 179
185 193
