46 12
46 41
15 2
30 47
22 22
35 49
9 13
15 9
47 1
43 5
26 11
49 27
40 13
17 25
39 14
18 50
33 36
43 40
16 28
7 4
28 32
7 30
26 43
20 48
10 39
15 4
27 43
21 36
24 36
11 38
31 34
50 7
14 4
25 18
37 49
10 40
36 12
31 10
23 39
41 45
32 28
7 21
10 26
50 20
37 42
11 1
7 8
14 34
26 21
46 22
31 39
32 19
46 23
1 31
43 29
16 6
3 13
39 42
29 31
46 50
37 26
42 4
32 42
29 44
27 5
50 36
4 42
30 29
7 29
18 2
21 8
2 26
26 25
3 35
1 4
45 21
39 42
13 42
27 21
46 31
15 39
28 20
1 16
28 37
40 17
37 17
45 18
25 46
27 17
22 34
